197206091996031001
197007191996032004
198201302009122002
198409242009121003
198510212008121001
198711182010122001
198405232009121002
196812101998032003
199010272014031002
199312042018011002
199401262018012001
199505112018012003
198803162010121001
199410242019022007
199201192019022005
199606102020121022
199509112020122019
197711072002122002
198009072005012004
198207302007032001
198608132008122002
199012172014032004
199304052019021004
199511262020122028
198302082008122001
198403102008121001
197904061999031004
198601232010122001
198602162009122002
198605282009121001
199205152015022001
199602022020122017
197310101994032001
198709082010122001
197005021994031003
197205221992031001
199110072010121001
198611022014031001
198708182014031002
199303092018011001
200101042024041002
200106032024042001
200204182025052003
200202192025051003
199909152025052011
200005142025052010
199905042025052007
199809032025052006
200004152025051006
199810242025051005
200202192025051002
199007182010122001
199108272010121002
199210242018011002
199408052018012001
199712092020121006
199202042014031001
199804192022032006
199901232022032004
199904092022032003
199908192024041007
199908312024041003
199409262022032003
199909202022031003
198105022015022001
200111032025052005
200003212025052015
198907232020121011
198907272020121021
199108292020122017
198406192018011001
198610292020121009
199908112024041003
200212252024042001
200308072024041001
200408062024041002
200506192024042002
199901082022031002
200107102022032001
200110142022032001
199909252022031001
199702192025052004
199605152025052005